0 0 0
0 0 0
8 7 40
0 0 0
0 0 0
0 25 9
0 0 0
1 6 33
0 5 32
0 0 0
5 49 20
0 0 0
0 0 0
0 0 0
4 11 23
0 0 0
3 12 22
0 0 0
0 0 0
13 29 6
12 24 5
0 0 0
0 0 0
7 9 10
0 0 0
2 7 5
0 0 0
0 0 0
9 18 2
0 0 0
0 0 0
0 0 0
0 0 0
0 0 0
2 0 2
0 0 0
0 0 0
0 0 0
0 0 0
0 0 0
0 0 0
7 15 42
0 0 0
0 0 0
0 12 19
0 0 0
6 27 44
0 0 0
0 0 0
2 31 14
10 0 10
0 0 0
1 22 23
0 0 0
0 0 0
0 0 0
0 0 0
0 0 0
0 4 16
1 1 17
15 19 21
0 0 0
0 0 0
0 0 0
0 0 0
0 0 0
5 3 21
0 0 0
0 0 0
7 4 23
0 0 0
0 0 0
0 0 0
0 0 0
0 0 0
0 0 0
0 0 0
2 8 21
0 0 0
0 0 0
0 0 0
0 0 0
0 0 0
9 32 21
0 0 0
0 0 0
10 7 42
0 0 0
0 0 0
14 6 17
0 0 0
5 16 24
0 0 0
6 44 34
7 14 26
7 48 6
0 0 0
0 0 0
0 0 0
1 32 13
6 49 5
0 0 0
12 14 31
0 0 0
0 0 0
3 36 2
3 31 15
0 0 0
0 0 0
13 11 16
0 13 35
0 0 0
0 0 0
5 30 14
5 11 8
0 0 0
6 31 15
0 0 0
0 0 0
1 13 36
7 31 16
0 0 0
0 0 0
8 30 17
9 22 18
11 27 20
4 16 39
0 0 0
0 0 0
15 24 37
0 0 0
0 0 0
5 6 37
14 41 42
13 5 29
7 6 39
1 0 1
3 0 3
0 0 0
4 37 16
0 0 0
0 0 0
0 0 0
0 0 0
0 0 0
8 40 20
0 0 0
8 44 36
0 0 0
7 40 19
0 0 0
0 0 0
0 0 0
6 5 22
15 6 2
0 0 0
0 0 0
0 0 0
7 45 35
0 0 0
0 0 0
6 22 28
0 0 0
0 37 44
2 14 24
1 38 0
0 0 0
0 0 0
5 17 40
0 0 0
0 0 0
0 0 0
1 36 29
9 17 31
0 0 0
0 0 0
0 0 0
0 0 0
0 0 0
2 34 30
0 0 0
3 7 6
5 38 17
15 16 5
12 11 15
0 0 0
0 0 0
10 21 32
2 41 17
0 0 0
0 0 0
0 0 0
0 0 0
6 40 18
0 0 0
0 0 0
0 0 0
0 0 0
6 18 12
0 0 0
0 0 0
4 17 10
0 0 0
0 0 0
0 0 0
0 0 0
0 0 0
0 0 0
0 0 0
0 0 0
0 0 0
0 0 0
0 0 0
0 0 0
0 0 0
12 22 34
11 22 33
0 0 0
0 0 0
10 4 26
3 40 18
4 47 19
15 2 31
0 0 0
0 0 0
0 0 0
9 27 34
0 0 0
6 32 31
13 21 3
0 0 0
0 0 0
0 0 0
4 32 29
3 28 28
0 0 0
11 17 1
0 0 0
7 22 29
0 0 0
0 0 0
9 14 44
0 0 0
0 32 28
15 29 24
14 26 23
0 0 0
0 0 0
0 0 0
0 0 0
8 15 43
15 10 18
0 0 0
0 0 0
3 22 25
0 0 0
0 0 0
13 36 9
0 0 0
0 0 0
0 0 0
12 35 8
0 0 0
0 0 0
10 31 6
0 0 0
0 0 0
9 29 5
7 38 3
0 0 0
0 0 0
0 0 0
0 0 0
0 0 0
14 0 14
0 0 0
0 0 0
0 0 0
0 0 0
15 0 15
4 34 0
14 21 20
13 22 19
0 0 0
0 0 0
3 1 19
10 18 16
0 0 0
0 0 0
0 0 0
9 2 25
14 22 36
13 25 35
0 0 0
0 0 0
13 0 13
0 0 0
12 31 37
0 0 0
9 34 37
0 0 0
0 0 0
0 0 0
0 0 0
15 34 40
10 38 38
8 23 30
11 36 39
0 0 0
12 44 40
11 12 30
0 0 0
8 38 4
0 0 0
11 32 7
7 0 7
0 0 0
0 0 0
0 0 0
0 0 0
15 11 34
5 0 5
13 45 41
0 0 0
0 0 0
13 7 0
15 48 30
0 0 0
0 0 0
15 43 43
0 0 0
0 0 0
3 13 38
0 0 0
0 0 0
0 0 0
9 4 41
0 0 0
0 0 0
10 26 19
12 27 21
0 0 0
0 0 0
0 0 0
0 0 0
0 0 0
0 0 0
4 8 36
0 0 0
2 9 37
8 35 33
0 0 0
3 2 35
0 0 0
4 9 7
9 7 12
0 0 0
0 0 0
0 0 0
0 0 0
0 0 0
0 0 0
0 0 0
0 0 0
0 0 0
0 0 0
0 0 0
4 30 13
0 29 25
3 24 12
2 39 1
6 0 6
0 0 0
0 0 0
14 11 33
0 0 0
15 38 11
4 44 3
0 0 0
0 0 0
5 45 4
13 16 32
0 0 0
3 29 44
10 11 29
0 0 0
0 8 3
2 26 43
0 0 0
9 10 28
10 28 35
0 0 0
0 0 0
0 0 0
0 0 0
0 0 0
8 14 27
0 0 0
0 0 0
0 0 0
0 0 0
12 6 44
0 0 0
0 0 0
5 42 33
0 0 0
0 0 0
0 0 0
0 0 0
8 4 24
9 0 9
0 0 0
3 33 31
0 0 0
0 0 0
0 0 0
0 0 0
15 41 27
14 37 26
13 41 25
12 39 24
10 33 22
0 0 0
11 29 36
0 0 0
0 0 0
0 0 0
0 0 0
6 12 25
7 20 13
0 22 38
0 0 0
6 8 38
14 4 30
13 31 38
4 0 4
0 0 0
0 0 0
0 0 0
4 40 32
8 20 14
0 0 0
0 0 0
0 0 0
0 0 0
9 16 15
0 0 0
0 0 0
0 0 0
0 0 0
0 0 0
11 33 23
8 0 8
14 29 39
0 0 0
0 0 0
11 0 11
0 0 0
12 0 12
0 0 0
0 0 0
0 0 0
0 0 0
11 21 17
12 49 27
0 0 0
1 24 39
0 0 0
0 0 0
0 0 0
12 20 18
0 0 0
0 0 0
0 0 0
0 0 0
10 42 25
0 0 0
0 0 0
0 0 0
0 30 41
1 29 42
2 16 40
0 0 0
4 5 20
3 23 41
0 0 0
2 2 18
0 0 0
9 40 24
11 5 43
0 0 0
0 0 0
8 47 23
0 0 0
0 0 0
0 0 0
5 37 1
6 51 21
6 36 2
0 0 0
0 0 0
0 0 0
0 0 0
0 0 0
14 5 1
0 21 22
0 0 0
4 26 42
0 0 0
0 0 0
0 0 0
5 26 43
14 32 10
0 0 0
0 0 0
13 50 12
0 0 0
0 0 0
0 0 0
4 21 26
5 21 27
11 40 10
1 12 20
0 0 0
0 31 12
0 0 0
6 17 41
0 0 0
10 41 9
13 30 22
0 0 0
0 0 0
7 27 0
0 0 0
0 0 0
9 36 8
8 45 7
0 0 0
8 28 1
0 0 0
12 47 11
15 45 14
0 0 0
0 0 0
0 0 0
0 0 0
0 0 0
0 0 0
1 27 26
10 15 0
0 0 0
0 0 0
10 10 13
0 0 0
2 23 27
0 0 0
0 0 0
0 0 0
8 9 11
12 19 2
0 0 0
0 0 0
0 0 0
0 0 0
0 0 0
6 9 9
5 35 30
14 16 4
0 0 0
13 52 28
1 42 16
10 25 3
11 24 4
0 0 0
14 48 29
0 0 0
14 43 13
0 0 0
0 0 0
0 0 0
0 0 0
0 0 0
0 0 0
0 16 6
0 0 0
0 0 0
11 8 14
14 23 7
0 0 0
0 0 0
0 0 0
0 0 0
0 0 0
0 0 0
0 0 0
0 0 0
0 0 0
0 0 0
15 26 8
0 0 0
0 40 15
7 36 32
1 8 4
0 0 0
0 0 0
11 3 27
0 0 0
12 3 28
0 0 0
1 18 7
2 10 8
7 50 22
11 44 26
0 0 0
0 0 0
2 5 34
0 0 0
0 0 0
0 0 0
3 18 9
0 0 0
1 25 10
0 0 0
5 20 11
2 19 11
